0 16384
0 8192
16384 40960
57344 12288
69632 12288
81920 12288
94208 24576
118784 12288
131072 12288
143360 24576
167936 8192
176128 45056
221184 12288
233472 20480
253952 12288
266240 16384
282624 28672
311296 12288
323584 12288
335872 53248
389120 303104
692224 12288
704512 12288
716800 20480
737280 12288
749568 32768
0 8192
0 16384
782336 40960
823296 73728
897024 290816
1187840 131072
1318912 4096
1323008 4096
1327104 4096
1331200 4096
1335296 4096
1339392 4096
1343488 4096
1347584 4096
1351680 4096
1355776 4096
1359872 4096
1363968 8192
1372160 4096
8192 8192
0 16384
8192 8192
1376256 4096
1380352 4096
1384448 4096
8192 8192
4182016 12288
1388544 4096
1392640 4096
1396736 4096
1400832 376832
8192 8192
4161536 20480
4157440 4096
4153344 4096
8192 8192
4149248 4096
8192 8192
8192 8192
8192 8192
8192 8192
8192 8192
